cpu  102597 502 249080 156238171 24121 0 21942 0 0 0
cpu0 3754 98 13789 9765384 3815 0 17394 0 0 0
cpu1 7637 3 20701 9756416 2817 0 1479 0 0 0
cpu2 9273 0 14029 9760213 2212 0 911 0 0 0
cpu3 5978 51 9939 9769590 4253 0 242 0 0 0
cpu4 7966 218 16764 9761246 1324 0 138 0 0 0
cpu5 3768 0 7745 9777796 719 0 136 0 0 0
cpu6 8190 0 14736 9762589 1428 0 130 0 0 0
cpu7 4701 44 7591 9775872 1153 0 115 0 0 0
cpu8 10068 0 17691 9758071 1382 0 148 0 0 0
cpu9 4797 0 8240 9777156 242 0 222 0 0 0
cpu10 8226 50 30679 9747626 916 0 196 0 0 0
cpu11 4874 1 9566 9775539 629 0 129 0 0 0
cpu12 7727 35 35001 9744289 1209 0 272 0 0 0
cpu13 4208 0 15424 9770577 301 0 135 0 0 0
cpu14 8059 2 18935 9759539 867 0 195 0 0 0
cpu15 3371 0 8250 9776260 846 0 100 0 0 0
intr 35201230 0 0 0 0 0 0 0 0 0 0 0 0 0 0 0 0 0 0 0 0 0 0 0 0 1 3346 1 1 10 0 0 0 0 0 0 0 0 0 0 0 0 0 0 0 0 0 0 0 0 0 0 0 0 0 0 0 0 0 0 0 0 0 0 0 0 0 0 0 0 0 0 0 0 0 0 0 0 0 0 0 0 0 0 0 0 0 0 0 0 0 0 0 0 0 0 0 0 0 0 0 0 0 0 0 0 0 0 0 0 0 0 0 0 0 0 0 0 0 0 0 0 0 0 0 0 0 0 0 0 0 0 0 0 0 0 0 0 0 0 0 0 0 0 0 0 0 0 0 0 0 0 0 0 0 0 0 0 0 0 0 0 0 0 0 0 0 0 0 0 0 0 0 0 0 0 0 0 0 0 0 0 0 0 0 0 0 0 0 0 0 0 0 0 0 0 0 0 0 0 0 0 0 0 0 0 0 0 0 0 0 0 0 0 0 0 0 0 0 0 0 0 0 0 0 0 0 0 0 0 0 0 0 0 0 0 0 0 0 0 0 0 0 0 0 0 0 0 0 0 0 0 0 0 0 0 0 0 0 0 0 0 0 0 0 0 0 0 0 0 0 0 0 0 0 0 0 0 0 0 0 0 0 0 0 0 0 0 0 0 0 0 0 0 0 0 0 0 0 0 0 0 0 0 0 0 0 0 0 0 0 0 0 0 0 0 0 0 0 0 0 0 0 0 0 0 0 0 0 0 0 0 0 0 0 0 0 0 0 0 0 0 0 0 0 0 0 0 0 0 0 0 0 0 0 0 0 0 0 0 0 0 0 0 0 0 0 0 0 0 0 0 0 0 0 0 0 0 0 0 0 0 0 0 0 0 0 0 0 0 0 0 0 0 0 0 0 0 0 0 0 0 0 0 0 0 0 0 0 0 0 0 0 0 0 0 0 0 0 0 0 0 0 0 0 0 0 0 0 0 0 0 0 0 0 0 0 0 0 0 0 0 0 0 0 0 0 0 0 0 0 0 0 0 0 0 0 0 0 0 0 0 0 0 0 0 0 0 0 0 0 0 0 0 0 0 0 0 0 0 0 0 0 0 0 0 0 0 0 0 0 0 0 0 0 0 0 0 0 0 0 0 0 0 0 0 0 0 0 0 0 0 0 0 0 0 0 0 0 0 0 0 0 0 0 0 0 0 0 0 0 0 0 0 0 0 0 0 0 0 0 0 0 0 0 0 0 0 0 0 0 0 0
ctxt 130950852
btime 1748218334
processes 261066
procs_running 3
procs_blocked 0
softirq 30242960 0 3012372 4 1822226 0 0 9692466 7952170 1 7763721